dof: 88
global_chi2: 97.89896096229691
local_pvalues:
  0->pipi::Abs{f_+}^2@Belle:2008C: 0.7103056172174913
  0->pipi::Abs{f_+}^2@CLEO:2000B: 0.16122047507242399
  0->pipi::Abs{f_+}^2@NA7:1986A: 0.44408535320742926
  0->pipi::f+: 0.4383950852478846
mode:
- 0.7600076214952768
- 0.14603020127471666
- -0.0011027497763318461
- -3.193194742054373e-05
- 0.010727122115562246
- 0.0017072352940148104
parameters:
- max: 1.0
  min: -1.0
  name: 0->pipi::M_(+,1)@KKRvD2024
- max: 1.0
  min: 0.0
  name: 0->pipi::Gamma_(+,1)@KKRvD2024
- max: 1.0
  min: -1.0
  name: 0->pipi::b_(+,1)^2@KKRvD2024
- max: 1.0
  min: -1.0
  name: 0->pipi::b_(+,1)^3@KKRvD2024
- max: 1.0
  min: -1.0
  name: 0->pipi::b_(+,1)^4@KKRvD2024
- max: 1.0
  min: -1.0
  name: 0->pipi::b_(+,1)^5@KKRvD2024
pvalue: 0.22073523377722237
type: Mode
version: 1.0.12
