'B->K::FormFactors[parametric,BFW]@GRvDV:2023A':
    type: MultivariateGaussian(Covariance)
    observables:
      [ 'B->K::a^f+_0@BFW2010', 'B->K::a^f+_1@BFW2010', 'B->K::a^f+_2@BFW2010',
                                'B->K::a^f0_1@BFW2010', 'B->K::a^f0_2@BFW2010',
        'B->K::a^fT_0@BFW2010', 'B->K::a^fT_1@BFW2010', 'B->K::a^fT_2@BFW2010' ]
    kinematics:
      [ {}, {}, {}, {}, {}, {}, {}, {} ]
    options:
      [ {'B->K::tp@BFW2010': 30.261001}, {'B->K::tp@BFW2010': 30.261001}, {'B->K::tp@BFW2010': 30.261001},
                                         {'B->K::tp@BFW2010': 30.261001}, {'B->K::tp@BFW2010': 30.261001},
        {'B->K::tp@BFW2010': 30.261001}, {'B->K::tp@BFW2010': 30.261001}, {'B->K::tp@BFW2010': 30.261001} ]
    means:
      [ 0.0103572,  -0.1569055, -0.00864024,
                    -0.2289171,  0.11118813,
        0.08163805, -0.2880348, -0.14888096 ]
    covariance:
      - [ 2.43690400e-05, -2.15535496e-05, -7.30874440e-05,  2.77741940e-05,  1.88907124e-05,  2.76687879e-05,  6.03349421e-06, -5.56743798e-05 ]
      - [-2.15535496e-05,  5.31304396e-05,  8.83376758e-05, -1.80619946e-05, -6.86365795e-05, -3.12687023e-05,  6.63484662e-05,  1.16892395e-04 ]
      - [-7.30874440e-05,  8.83376758e-05,  2.38775283e-04, -8.13459515e-05, -1.00502051e-04, -8.58000264e-05,  3.03710728e-05,  2.14117413e-04 ]
      - [ 2.77741940e-05, -1.80619946e-05, -8.13459515e-05,  4.14955009e-05,  2.49021904e-05,  3.03243321e-05,  2.32700929e-05, -5.41578560e-05 ]
      - [ 1.88907124e-05, -6.86365795e-05, -1.00502051e-04,  2.49021904e-05,  1.92611011e-04,  2.69072591e-05, -1.19360708e-04, -1.56693965e-04 ]
      - [ 2.76687879e-05, -3.12687023e-05, -8.58000264e-05,  3.03243321e-05,  2.69072591e-05,  1.10865472e-04, -2.49129983e-04, -4.67149331e-04 ]
      - [ 6.03349421e-06,  6.63484662e-05,  3.03710728e-05,  2.32700929e-05, -1.19360708e-04, -2.49129983e-04,  1.44233038e-03,  1.85210040e-03 ]
      - [-5.56743798e-05,  1.16892395e-04,  2.14117413e-04, -5.41578560e-05, -1.56693965e-04, -4.67149331e-04,  1.85210040e-03,  2.72635635e-03 ]

'B_s->phi::FormFactors[parametric,BFW]@GRvDV:2023A':
    type: MultivariateGaussian(Covariance)
    observables:
      [ 'B_s->phi::a^A0_0@BFW2010', 'B_s->phi::a^A0_1@BFW2010',  'B_s->phi::a^A0_2@BFW2010',
                                    'B_s->phi::a^A1_1@BFW2010',  'B_s->phi::a^A1_2@BFW2010',
                                    'B_s->phi::a^A12_1@BFW2010', 'B_s->phi::a^A12_2@BFW2010',
        'B_s->phi::a^V_0@BFW2010',  'B_s->phi::a^V_1@BFW2010',   'B_s->phi::a^V_2@BFW2010',
        'B_s->phi::a^T1_0@BFW2010', 'B_s->phi::a^T1_1@BFW2010',  'B_s->phi::a^T1_2@BFW2010',
                                    'B_s->phi::a^T2_1@BFW2010',  'B_s->phi::a^T2_2@BFW2010',
                                    'B_s->phi::a^T23_1@BFW2010', 'B_s->phi::a^T23_2@BFW2010' ]
    kinematics:
      [ {}, {}, {}, {}, {}, {}, {}, {}, {}, {}, {}, {}, {}, {}, {}, {}, {} ]
    options:
      [ {'B_s->phi::tp_v@BFW2010': 30.261001, 'B_s->phi::tp_a@BFW2010': 31.764496},
        {'B_s->phi::tp_v@BFW2010': 30.261001, 'B_s->phi::tp_a@BFW2010': 31.764496},
        {'B_s->phi::tp_v@BFW2010': 30.261001, 'B_s->phi::tp_a@BFW2010': 31.764496},
        {'B_s->phi::tp_v@BFW2010': 30.261001, 'B_s->phi::tp_a@BFW2010': 31.764496},
        {'B_s->phi::tp_v@BFW2010': 30.261001, 'B_s->phi::tp_a@BFW2010': 31.764496},
        {'B_s->phi::tp_v@BFW2010': 30.261001, 'B_s->phi::tp_a@BFW2010': 31.764496},
        {'B_s->phi::tp_v@BFW2010': 30.261001, 'B_s->phi::tp_a@BFW2010': 31.764496},
        {'B_s->phi::tp_v@BFW2010': 30.261001, 'B_s->phi::tp_a@BFW2010': 31.764496},
        {'B_s->phi::tp_v@BFW2010': 30.261001, 'B_s->phi::tp_a@BFW2010': 31.764496},
        {'B_s->phi::tp_v@BFW2010': 30.261001, 'B_s->phi::tp_a@BFW2010': 31.764496},
        {'B_s->phi::tp_v@BFW2010': 30.261001, 'B_s->phi::tp_a@BFW2010': 31.764496},
        {'B_s->phi::tp_v@BFW2010': 30.261001, 'B_s->phi::tp_a@BFW2010': 31.764496},
        {'B_s->phi::tp_v@BFW2010': 30.261001, 'B_s->phi::tp_a@BFW2010': 31.764496},
        {'B_s->phi::tp_v@BFW2010': 30.261001, 'B_s->phi::tp_a@BFW2010': 31.764496},
        {'B_s->phi::tp_v@BFW2010': 30.261001, 'B_s->phi::tp_a@BFW2010': 31.764496},
        {'B_s->phi::tp_v@BFW2010': 30.261001, 'B_s->phi::tp_a@BFW2010': 31.764496},
        {'B_s->phi::tp_v@BFW2010': 30.261001, 'B_s->phi::tp_a@BFW2010': 31.764496} ]
    means:
      [ -0.08138777, -0.06402903,  0.18994254,
                      0.06758471,  0.45458604,
                     -0.0562802 ,  0.05285143,
        -0.15716697,  0.05735303,  0.38489499,
        -0.1190162 ,  0.00317005,  0.24833189,
                      0.03779153,  0.26518076,
                     -0.04652896,  0.21289301 ]
    covariance:
      - [ 5.81411512e-03, -1.25108793e-02, -1.78104517e-02, -1.92900556e-03, -3.50702782e-03, -1.01424133e-04, -8.43482300e-04,  6.73083024e-04, -7.26315139e-04, -1.29170518e-03,  4.74601062e-04, -6.82132198e-04, -1.04509076e-03, -4.66595962e-04, -8.75960833e-04, -6.61948610e-04, -1.26513519e-03 ]
      - [-1.25108793e-02,  2.95139741e-02,  4.03337873e-02,  3.07164441e-03,  5.36761874e-03,  6.28968691e-04,  2.01445424e-03, -4.86561725e-04,  2.11758328e-04,  6.99172516e-04, -3.99653135e-04,  4.76630526e-04,  8.12502359e-04,  3.27908292e-04,  6.71217819e-04,  7.48546650e-04,  1.39523139e-03 ]
      - [-1.78104517e-02,  4.03337873e-02,  5.61381526e-02,  4.97556956e-03,  8.87755829e-03,  6.30951832e-04,  2.71452260e-03, -1.26033263e-03,  1.10924859e-03,  2.23093714e-03, -9.32293906e-04,  1.26015227e-03,  1.99712330e-03,  8.69734526e-04,  1.67645311e-03,  1.46416643e-03,  2.76794492e-03 ]
      - [-1.92900556e-03,  3.07164441e-03,  4.97556956e-03,  2.16450889e-02,  3.02707895e-02,  1.03858428e-02,  1.34540133e-02, -2.09263202e-03,  2.77527870e-03,  4.42586084e-03, -1.37896141e-03,  2.27523013e-03,  3.25727416e-03,  1.27511048e-03,  2.35837548e-03,  1.45016843e-03,  2.71810981e-03 ]
      - [-3.50702782e-03,  5.36761874e-03,  8.87755829e-03,  3.02707895e-02,  4.35408061e-02,  1.34651033e-02,  1.78738705e-02, -4.01016319e-03,  5.33882818e-03,  8.48515499e-03, -2.65708936e-03,  4.35901508e-03,  6.25583276e-03,  2.51281655e-03,  4.62326132e-03,  2.74869029e-03,  5.21760124e-03 ]
      - [-1.01424133e-04,  6.28968691e-04,  6.30951832e-04,  1.03858428e-02,  1.34651033e-02,  1.59373918e-02,  1.94915550e-02,  2.38472032e-04, -3.81887822e-04, -5.34833456e-04,  2.38035731e-04, -4.56411884e-04, -6.05525119e-04, -2.87698499e-04, -4.79163795e-04, -8.40501627e-05, -2.88767407e-04 ]
      - [-8.43482300e-04,  2.01445424e-03,  2.71452260e-03,  1.34540133e-02,  1.78738705e-02,  1.94915550e-02,  2.40448814e-02,  1.02149714e-05, -1.14981056e-04, -7.82103601e-05,  1.03774252e-04, -2.74853572e-04, -3.18353789e-04, -1.64405168e-04, -2.39281679e-04,  1.19283113e-04,  7.83377624e-05 ]
      - [ 6.73083024e-04, -4.86561725e-04, -1.26033263e-03, -2.09263202e-03, -4.01016319e-03,  2.38472032e-04,  1.02149714e-05,  7.51189171e-03, -1.77388642e-02, -2.21346756e-02,  1.35319851e-03, -2.24938480e-03, -3.20871144e-03, -1.28469477e-03, -2.35365282e-03, -1.18297769e-03, -2.38521724e-03 ]
      - [-7.26315139e-04,  2.11758328e-04,  1.10924859e-03,  2.77527870e-03,  5.33882818e-03, -3.81887822e-04, -1.14981056e-04, -1.77388642e-02,  4.89111607e-02,  5.74976260e-02, -1.81905977e-03,  3.02555194e-03,  4.31075353e-03,  1.59051632e-03,  3.00552003e-03,  1.28452228e-03,  2.82247394e-03 ]
      - [-1.29170518e-03,  6.99172516e-04,  2.23093714e-03,  4.42586084e-03,  8.48515499e-03, -5.34833456e-04, -7.82103601e-05, -2.21346756e-02,  5.74976260e-02,  6.91649763e-02, -2.86927573e-03,  4.77070504e-03,  6.80127501e-03,  2.62790112e-03,  4.87961374e-03,  2.27542234e-03,  4.76374511e-03 ]
      - [ 4.74601062e-04, -3.99653135e-04, -9.32293906e-04, -1.37896141e-03, -2.65708936e-03,  2.38035731e-04,  1.03774252e-04,  1.35319851e-03, -1.81905977e-03, -2.86927573e-03,  2.86439886e-03, -6.83543728e-03, -8.51747383e-03, -2.72767510e-03, -4.21750103e-03, -1.26287825e-03, -2.33613802e-03 ]
      - [-6.82132198e-04,  4.76630526e-04,  1.26015227e-03,  2.27523013e-03,  4.35901508e-03, -4.56411884e-04, -2.74853572e-04, -2.24938480e-03,  3.02555194e-03,  4.77070504e-03, -6.83543728e-03,  1.85525430e-02,  2.19765665e-02,  6.32913058e-03,  9.52798764e-03,  2.47011567e-03,  4.45489575e-03 ]
      - [-1.04509076e-03,  8.12502359e-04,  1.99712330e-03,  3.25727416e-03,  6.25583276e-03, -6.05525119e-04, -3.18353789e-04, -3.20871144e-03,  4.31075353e-03,  6.80127501e-03, -8.51747383e-03,  2.19765665e-02,  2.65615046e-02,  7.87846036e-03,  1.19817163e-02,  3.28808739e-03,  5.99595733e-03 ]
      - [-4.66595962e-04,  3.27908292e-04,  8.69734526e-04,  1.27511048e-03,  2.51281655e-03, -2.87698499e-04, -1.64405168e-04, -1.28469477e-03,  1.59051632e-03,  2.62790112e-03, -2.72767510e-03,  6.32913058e-03,  7.87846036e-03,  7.99912051e-03,  1.09726507e-02,  2.33501661e-03,  4.03846471e-03 ]
      - [-8.75960833e-04,  6.71217819e-04,  1.67645311e-03,  2.35837548e-03,  4.62326132e-03, -4.79163795e-04, -2.39281679e-04, -2.35365282e-03,  3.00552003e-03,  4.87961374e-03, -4.21750103e-03,  9.52798764e-03,  1.19817163e-02,  1.09726507e-02,  1.53814414e-02,  4.06928935e-03,  7.02083337e-03 ]
      - [-6.61948610e-04,  7.48546650e-04,  1.46416643e-03,  1.45016843e-03,  2.74869029e-03, -8.40501627e-05,  1.19283113e-04, -1.18297769e-03,  1.28452228e-03,  2.27542234e-03, -1.26287825e-03,  2.47011567e-03,  3.28808739e-03,  2.33501661e-03,  4.06928935e-03,  3.10179052e-02,  4.18747025e-02 ]
      - [-1.26513519e-03,  1.39523139e-03,  2.76794492e-03,  2.71810981e-03,  5.21760124e-03, -2.88767407e-04,  7.83377624e-05, -2.38521724e-03,  2.82247394e-03,  4.76374511e-03, -2.33613802e-03,  4.45489575e-03,  5.99595733e-03,  4.03846471e-03,  7.02083337e-03,  4.18747025e-02,  5.73285072e-02 ]

'B->K^*::FormFactors[parametric,BFW]@GRvDV:2023A:'
    type: MultivariateGaussian(Covariance)
    observables:
      [ 'B->K^*::a^A0_0@BFW2010', 'B->K^*::a^A0_1@BFW2010',  'B->K^*::a^A0_2@BFW2010',
                                  'B->K^*::a^A1_1@BFW2010',  'B->K^*::a^A1_2@BFW2010',
                                  'B->K^*::a^A12_1@BFW2010', 'B->K^*::a^A12_2@BFW2010',
        'B->K^*::a^V_0@BFW2010',  'B->K^*::a^V_1@BFW2010',   'B->K^*::a^V_2@BFW2010',
        'B->K^*::a^T1_0@BFW2010', 'B->K^*::a^T1_1@BFW2010',  'B->K^*::a^T1_2@BFW2010',
                                  'B->K^*::a^T2_1@BFW2010',  'B->K^*::a^T2_2@BFW2010',
                                  'B->K^*::a^T23_1@BFW2010', 'B->K^*::a^T23_2@BFW2010' ]
    kinematics:
      [ {}, {}, {}, {}, {}, {}, {}, {}, {}, {}, {}, {}, {}, {}, {}, {}, {} ]
    options:
      [ {'B_s->phi::tp_v@BFW2010': 30.261001, 'B_s->phi::tp_a@BFW2010': 31.764496},
        {'B_s->phi::tp_v@BFW2010': 30.261001, 'B_s->phi::tp_a@BFW2010': 31.764496},
        {'B_s->phi::tp_v@BFW2010': 30.261001, 'B_s->phi::tp_a@BFW2010': 31.764496},
        {'B_s->phi::tp_v@BFW2010': 30.261001, 'B_s->phi::tp_a@BFW2010': 31.764496},
        {'B_s->phi::tp_v@BFW2010': 30.261001, 'B_s->phi::tp_a@BFW2010': 31.764496},
        {'B_s->phi::tp_v@BFW2010': 30.261001, 'B_s->phi::tp_a@BFW2010': 31.764496},
        {'B_s->phi::tp_v@BFW2010': 30.261001, 'B_s->phi::tp_a@BFW2010': 31.764496},
        {'B_s->phi::tp_v@BFW2010': 30.261001, 'B_s->phi::tp_a@BFW2010': 31.764496},
        {'B_s->phi::tp_v@BFW2010': 30.261001, 'B_s->phi::tp_a@BFW2010': 31.764496},
        {'B_s->phi::tp_v@BFW2010': 30.261001, 'B_s->phi::tp_a@BFW2010': 31.764496},
        {'B_s->phi::tp_v@BFW2010': 30.261001, 'B_s->phi::tp_a@BFW2010': 31.764496},
        {'B_s->phi::tp_v@BFW2010': 30.261001, 'B_s->phi::tp_a@BFW2010': 31.764496},
        {'B_s->phi::tp_v@BFW2010': 30.261001, 'B_s->phi::tp_a@BFW2010': 31.764496},
        {'B_s->phi::tp_v@BFW2010': 30.261001, 'B_s->phi::tp_a@BFW2010': 31.764496},
        {'B_s->phi::tp_v@BFW2010': 30.261001, 'B_s->phi::tp_a@BFW2010': 31.764496},
        {'B_s->phi::tp_v@BFW2010': 30.261001, 'B_s->phi::tp_a@BFW2010': 31.764496},
        {'B_s->phi::tp_v@BFW2010': 30.261001, 'B_s->phi::tp_a@BFW2010': 31.764496} ]
    means:
      [ -0.10353028, -0.10381843,  0.29467133,
                     -0.05849246,  0.44862011,
                     -0.02468304,  0.1505402,
        -0.20676817, -0.06427462,  0.51016114,
        -0.22553072,  0.00634406,  0.51597787,
                     -0.02659389,  0.35017269,
                     -0.05774723,  0.41782561 ]
    covariance:
      - [  4.79947737e-03, -6.11425862e-03, -1.37309223e-02, -1.25258387e-03, -3.58067285e-03, -2.88789537e-04, -1.30200967e-03,  1.12074571e-03, -1.21796249e-03, -2.72589460e-03,  1.33023770e-04, -2.71835008e-04, -3.71087729e-04, -8.36401599e-05, -1.43420434e-04, -2.71278240e-04, -5.17140392e-04 ]
      - [ -6.11425862e-03,  9.52818436e-03,  1.87453543e-02,  1.36494932e-03,  3.31857403e-03,  8.28551990e-04,  1.98326503e-03, -9.53732626e-04,  1.24932180e-03,  2.41038418e-03, -1.70517236e-04,  3.66998915e-04,  4.84991388e-04,  1.14079471e-04,  1.93392978e-04,  4.52330176e-04,  8.47159370e-04 ]
      - [ -1.37309223e-02,  1.87453543e-02,  4.02812314e-02,  3.34216005e-03,  9.32806723e-03,  1.17914093e-03,  3.98374356e-03, -2.89762317e-03,  3.19065765e-03,  7.10019720e-03, -2.99667585e-04,  6.49520195e-04,  8.62700765e-04,  1.69320223e-04,  2.66269804e-04,  7.83477173e-04,  1.47063246e-03 ]
      - [ -1.25258387e-03,  1.36494932e-03,  3.34216005e-03,  6.43386743e-03,  1.29732027e-02,  3.06869966e-03,  5.46803096e-03, -1.70225660e-03,  2.01722288e-03,  4.01498001e-03, -5.48776237e-04,  9.51667502e-04,  1.39918569e-03,  4.56139641e-04,  9.30360565e-04,  1.88754089e-04,  3.99236739e-04 ]
      - [ -3.58067285e-03,  3.31857403e-03,  9.32806723e-03,  1.29732027e-02,  2.84585682e-02,  5.49743597e-03,  1.07305300e-02, -5.01910526e-03,  5.48736624e-03,  1.18335949e-02, -1.19356949e-03,  2.04889794e-03,  3.03658673e-03,  9.76033007e-04,  1.99378632e-03,  3.10024985e-04,  6.88597139e-04 ]
      - [ -2.88789537e-04,  8.28551990e-04,  1.17914093e-03,  3.06869966e-03,  5.49743597e-03,  4.90029465e-03,  7.69785025e-03,  8.50031009e-06,  2.59664438e-05, -5.89289002e-06,  1.68706133e-05, -1.42185570e-05, -4.76535451e-05,  3.37884783e-05,  5.37148115e-05,  3.12385181e-05,  8.29728843e-05 ]
      - [ -1.30200967e-03,  1.98326503e-03,  3.98374356e-03,  5.46803096e-03,  1.07305300e-02,  7.69785025e-03,  1.25471129e-02, -5.54556856e-04,  5.45891797e-04,  1.33851420e-03,  1.28910440e-05,  8.94030311e-06, -3.29793906e-05,  6.24275672e-05,  9.95823270e-05,  4.45076334e-05,  1.36324928e-04 ]
      - [  1.12074571e-03, -9.53732626e-04, -2.89762317e-03, -1.70225660e-03, -5.01910526e-03,  8.50031009e-06, -5.54556856e-04,  8.60701441e-03, -1.26135970e-02, -2.29382276e-02,  6.06243043e-04, -9.57057032e-04, -1.47621103e-03, -4.55426853e-04, -9.24670789e-04, -3.26367887e-04, -6.08919798e-04 ]
      - [ -1.21796249e-03,  1.24932180e-03,  3.19065765e-03,  2.01722288e-03,  5.48736624e-03,  2.59664438e-05,  5.45891797e-04, -1.26135970e-02,  2.14026150e-02,  3.54304539e-02, -9.06004312e-04,  1.46531063e-03,  2.23182723e-03,  7.37588750e-04,  1.47005130e-03,  5.80818403e-04,  1.07426091e-03 ]
      - [ -2.72589460e-03,  2.41038418e-03,  7.10019720e-03,  4.01498001e-03,  1.18335949e-02, -5.89289002e-06,  1.33851420e-03, -2.29382276e-02,  3.54304539e-02,  6.24009844e-02, -1.44834380e-03,  2.28904195e-03,  3.53004753e-03,  1.10966930e-03,  2.23224190e-03,  8.35603839e-04,  1.53887655e-03 ]
      - [  1.33023770e-04, -1.70517236e-04, -2.99667585e-04, -5.48776237e-04, -1.19356949e-03,  1.68706133e-05,  1.28910440e-05,  6.06243043e-04, -9.06004312e-04, -1.44834380e-03,  2.74398069e-03, -3.96572587e-03, -7.32021922e-03, -1.23653632e-03, -3.13877282e-03, -8.47129147e-04, -2.74029538e-03 ]
      - [ -2.71835008e-04,  3.66998915e-04,  6.49520195e-04,  9.51667502e-04,  2.04889794e-03, -1.42185570e-05,  8.94030311e-06, -9.57057032e-04,  1.46531063e-03,  2.28904195e-03, -3.96572587e-03,  6.69163022e-03,  1.11525175e-02,  1.96112267e-03,  4.45939309e-03,  1.10608952e-03,  3.15970557e-03 ]
      - [ -3.71087729e-04,  4.84991388e-04,  8.62700765e-04,  1.39918569e-03,  3.03658673e-03, -4.76535451e-05, -3.29793906e-05, -1.47621103e-03,  2.23182723e-03,  3.53004753e-03, -7.32021922e-03,  1.11525175e-02,  1.99144921e-02,  3.30944418e-03,  8.17470164e-03,  2.15432923e-03,  6.81116771e-03 ]
      - [ -8.36401599e-05,  1.14079471e-04,  1.69320223e-04,  4.56139641e-04,  9.76033007e-04,  3.37884783e-05,  6.24275672e-05, -4.55426853e-04,  7.37588750e-04,  1.10966930e-03, -1.23653632e-03,  1.96112267e-03,  3.30944418e-03,  2.22565112e-03,  4.34194582e-03,  9.06844211e-04,  2.42227362e-03 ]
      - [ -1.43420434e-04,  1.93392978e-04,  2.66269804e-04,  9.30360565e-04,  1.99378632e-03,  5.37148115e-05,  9.95823270e-05, -9.24670789e-04,  1.47005130e-03,  2.23224190e-03, -3.13877282e-03,  4.45939309e-03,  8.17470164e-03,  4.34194582e-03,  9.35315157e-03,  2.38076574e-03,  6.96362121e-03 ]
      - [ -2.71278240e-04,  4.52330176e-04,  7.83477173e-04,  1.88754089e-04,  3.10024985e-04,  3.12385181e-05,  4.45076334e-05, -3.26367887e-04,  5.80818403e-04,  8.35603839e-04, -8.47129147e-04,  1.10608952e-03,  2.15432923e-03,  9.06844211e-04,  2.38076574e-03,  7.07736580e-03,  1.31731525e-02 ]
      - [ -5.17140392e-04,  8.47159370e-04,  1.47063246e-03,  3.99236739e-04,  6.88597139e-04,  8.29728843e-05,  1.36324928e-04, -6.08919798e-04,  1.07426091e-03,  1.53887655e-03, -2.74029538e-03,  3.15970557e-03,  6.81116771e-03,  2.42227362e-03,  6.96362121e-03,  1.31731525e-02,  2.66383400e-02 ]
