'B->K::FormFactors[parametric,BFW]@GRvDV:2023A':
    type: MultivariateGaussian(Covariance)
    observables:
      [ 'B->K::a^f+_0@BFW2010', 'B->K::a^f+_1@BFW2010', 'B->K::a^f+_2@BFW2010',
                                'B->K::a^f0_1@BFW2010', 'B->K::a^f0_2@BFW2010',
        'B->K::a^fT_0@BFW2010', 'B->K::a^fT_1@BFW2010', 'B->K::a^fT_2@BFW2010' ]
    kinematics:
      [ {}, {}, {}, {}, {}, {}, {}, {} ]
    options:
      [ {'B->K::tp@BFW2010': 30.261001}, {'B->K::tp@BFW2010': 30.261001}, {'B->K::tp@BFW2010': 30.261001},
                                         {'B->K::tp@BFW2010': 30.261001}, {'B->K::tp@BFW2010': 30.261001},
        {'B->K::tp@BFW2010': 30.261001}, {'B->K::tp@BFW2010': 30.261001}, {'B->K::tp@BFW2010': 30.261001} ]
    means:
      [ 0.00598325, -0.09053604, -0.00494888,
                    -0.22888436,  0.11112837,
        0.04708935, -0.1660077,  -0.08560241 ]
    covariance:
      - [ 8.28699459e-06, -7.23733377e-06, -2.48256229e-05,  1.64285596e-05,  1.12763341e-05,  9.33762675e-06,  2.53362212e-06, -1.84621129e-05 ]
      - [-7.23733377e-06,  1.75388917e-05,  2.94057262e-05, -1.06439357e-05, -3.94818501e-05, -1.04982707e-05,  2.17447079e-05,  3.87533477e-05 ]
      - [-2.48256229e-05,  2.94057262e-05,  8.07296931e-05, -4.81843941e-05, -5.88158197e-05, -2.89118329e-05,  8.24816574e-06,  7.06809053e-05 ]
      - [ 1.64285596e-05, -1.06439357e-05, -4.81843941e-05,  4.26364617e-05,  2.67166928e-05,  1.77825024e-05,  1.36524701e-05, -3.21363108e-05 ]
      - [ 1.12763341e-05, -3.94818501e-05, -5.88158197e-05,  2.67166928e-05,  1.96052095e-04,  1.63184099e-05, -7.15688620e-05, -9.51017474e-05 ]
      - [ 9.33762675e-06, -1.04982707e-05, -2.89118329e-05,  1.77825024e-05,  1.63184099e-05,  3.65115334e-05, -8.19826551e-05, -1.53739378e-04 ]
      - [ 2.53362212e-06,  2.17447079e-05,  8.24816574e-06,  1.36524701e-05, -7.15688620e-05, -8.19826551e-05,  4.94971187e-04,  6.27475838e-04 ]
      - [-1.84621129e-05,  3.87533477e-05,  7.06809053e-05, -3.21363108e-05, -9.51017474e-05, -1.53739378e-04,  6.27475838e-04,  9.13340056e-04 ]

'B_s->phi::FormFactors[parametric,BFW]@GRvDV:2023A':
    type: MultivariateGaussian(Covariance)
    observables:
      [ 'B_s->phi::a^A0_0@BFW2010', 'B_s->phi::a^A0_1@BFW2010',  'B_s->phi::a^A0_2@BFW2010',
                                    'B_s->phi::a^A1_1@BFW2010',  'B_s->phi::a^A1_2@BFW2010',
                                    'B_s->phi::a^A12_1@BFW2010', 'B_s->phi::a^A12_2@BFW2010',
        'B_s->phi::a^V_0@BFW2010',  'B_s->phi::a^V_1@BFW2010',   'B_s->phi::a^V_2@BFW2010',
        'B_s->phi::a^T1_0@BFW2010', 'B_s->phi::a^T1_1@BFW2010',  'B_s->phi::a^T1_2@BFW2010',
                                    'B_s->phi::a^T2_1@BFW2010',  'B_s->phi::a^T2_2@BFW2010',
                                    'B_s->phi::a^T23_1@BFW2010', 'B_s->phi::a^T23_2@BFW2010' ]
    kinematics:
      [ {}, {}, {}, {}, {}, {}, {}, {}, {}, {}, {}, {}, {}, {}, {}, {}, {} ]
    options:
      [ {'B_s->phi::tp_v@BFW2010': 30.261001, 'B_s->phi::tp_a@BFW2010': 31.764496},
        {'B_s->phi::tp_v@BFW2010': 30.261001, 'B_s->phi::tp_a@BFW2010': 31.764496},
        {'B_s->phi::tp_v@BFW2010': 30.261001, 'B_s->phi::tp_a@BFW2010': 31.764496},
        {'B_s->phi::tp_v@BFW2010': 30.261001, 'B_s->phi::tp_a@BFW2010': 31.764496},
        {'B_s->phi::tp_v@BFW2010': 30.261001, 'B_s->phi::tp_a@BFW2010': 31.764496},
        {'B_s->phi::tp_v@BFW2010': 30.261001, 'B_s->phi::tp_a@BFW2010': 31.764496},
        {'B_s->phi::tp_v@BFW2010': 30.261001, 'B_s->phi::tp_a@BFW2010': 31.764496},
        {'B_s->phi::tp_v@BFW2010': 30.261001, 'B_s->phi::tp_a@BFW2010': 31.764496},
        {'B_s->phi::tp_v@BFW2010': 30.261001, 'B_s->phi::tp_a@BFW2010': 31.764496},
        {'B_s->phi::tp_v@BFW2010': 30.261001, 'B_s->phi::tp_a@BFW2010': 31.764496},
        {'B_s->phi::tp_v@BFW2010': 30.261001, 'B_s->phi::tp_a@BFW2010': 31.764496},
        {'B_s->phi::tp_v@BFW2010': 30.261001, 'B_s->phi::tp_a@BFW2010': 31.764496},
        {'B_s->phi::tp_v@BFW2010': 30.261001, 'B_s->phi::tp_a@BFW2010': 31.764496},
        {'B_s->phi::tp_v@BFW2010': 30.261001, 'B_s->phi::tp_a@BFW2010': 31.764496},
        {'B_s->phi::tp_v@BFW2010': 30.261001, 'B_s->phi::tp_a@BFW2010': 31.764496},
        {'B_s->phi::tp_v@BFW2010': 30.261001, 'B_s->phi::tp_a@BFW2010': 31.764496},
        {'B_s->phi::tp_v@BFW2010': 30.261001, 'B_s->phi::tp_a@BFW2010': 31.764496} ]
    means:
      [ -0.08516536, -0.0591974,   0.19875976,
                      0.04714617,  0.27546515,
                     -0.03131091,  0.03284349,
        -0.10116673,  0.05716448,  0.25256821,
        -0.07036101,  0.00418064,  0.1470456,
                      0.02159483,  0.15364196,
                     -0.02583073,  0.12504293 ]
    covariance:
      - [ 5.94471721e-03, -1.27509614e-02, -1.81712909e-02, -1.30028893e-03, -2.31544416e-03, -1.80405237e-04, -6.53587743e-04,  4.74993747e-04, -6.16432499e-04, -9.93572523e-04,  3.30539534e-04, -5.22576907e-04, -7.66334193e-04, -3.13364594e-04, -5.72441195e-04, -3.58642345e-04, -7.00537839e-04 ]
      - [-1.27509614e-02,  2.99576427e-02,  4.09938126e-02,  2.20092515e-03,  3.73572041e-03,  6.66459195e-04,  1.56947615e-03, -3.58046448e-04,  2.57710576e-04,  5.90697688e-04, -3.00446832e-04,  4.38243991e-04,  6.70516308e-04,  2.53950221e-04,  4.81309981e-04,  3.22926180e-04,  6.44861276e-04 ]
      - [-1.81712909e-02,  4.09938126e-02,  5.71274917e-02,  3.46380500e-03,  6.02397017e-03,  7.68628038e-04,  2.11393530e-03, -9.02486558e-04,  1.00175609e-03,  1.75815085e-03, -6.69991019e-04,  1.02655704e-03,  1.53002112e-03,  6.14779244e-04,  1.13458702e-03,  7.21620955e-04,  1.42336488e-03 ]
      - [-1.30028893e-03,  2.20092515e-03,  3.46380500e-03,  7.53720080e-03,  1.05336490e-02,  3.75099053e-03,  4.84855225e-03, -7.98254386e-04,  1.23200907e-03,  1.82046576e-03, -4.92727613e-04,  8.17342601e-04,  1.16928352e-03,  4.65540347e-04,  8.55243776e-04,  5.25675351e-04,  9.96548172e-04 ]
      - [-2.31544416e-03,  3.73572041e-03,  6.02397017e-03,  1.05336490e-02,  1.51236677e-02,  4.87195362e-03,  6.44406165e-03, -1.51540292e-03,  2.32949429e-03,  3.44730858e-03, -9.41453231e-04,  1.55461600e-03,  2.22889766e-03,  8.87226101e-04,  1.62942794e-03,  9.87948566e-04,  1.88614690e-03 ]
      - [-1.80405237e-04,  6.66459195e-04,  7.68628038e-04,  3.75099053e-03,  4.87195362e-03,  5.44333526e-03,  6.66767808e-03,  9.04925919e-05, -1.41627416e-04, -2.04085216e-04,  7.11101241e-05, -1.12933258e-04, -1.63843537e-04, -1.14461843e-04, -1.82891897e-04, -3.98074297e-05, -9.34698770e-05 ]
      - [-6.53587743e-04,  1.56947615e-03,  2.11393530e-03,  4.84855225e-03,  6.44406165e-03,  6.66767808e-03,  8.23730274e-03, -7.22213083e-07, -8.46385876e-06, -1.14066995e-06,  1.66909645e-05, -2.57848890e-05, -3.67278478e-05, -7.36754896e-05, -1.01577116e-04,  2.72485148e-05,  3.45474420e-05 ]
      - [ 4.74993747e-04, -3.58046448e-04, -9.02486558e-04, -7.98254386e-04, -1.51540292e-03,  9.04925919e-05, -7.22213083e-07,  3.11036403e-03, -7.58171679e-03, -9.34648827e-03,  5.05309684e-04, -8.40034406e-04, -1.19985727e-03, -4.39693956e-04, -8.25967333e-04, -5.57218884e-04, -1.03802207e-03 ]
      - [-6.16432499e-04,  2.57710576e-04,  1.00175609e-03,  1.23200907e-03,  2.32949429e-03, -1.41627416e-04, -8.46385876e-06, -7.58171679e-03,  2.08754709e-02,  2.45634055e-02, -7.45311845e-04,  1.20616728e-03,  1.74208639e-03,  5.94693909e-04,  1.16618023e-03,  8.83247513e-04,  1.63122003e-03 ]
      - [-9.93572523e-04,  5.90697688e-04,  1.75815085e-03,  1.82046576e-03,  3.44730858e-03, -2.04085216e-04, -1.14066995e-06, -9.34648827e-03,  2.45634055e-02,  2.94269633e-02, -1.12446723e-03,  1.84372831e-03,  2.64856562e-03,  9.36823492e-04,  1.79766105e-03,  1.29373903e-03,  2.39446305e-03 ]
      - [ 3.30539534e-04, -3.00446832e-04, -6.69991019e-04, -4.92727613e-04, -9.41453231e-04,  7.11101241e-05,  1.66909645e-05,  5.05309684e-04, -7.45311845e-04, -1.12446723e-03,  9.60238127e-04, -2.29942002e-03, -2.86028784e-03, -8.99000638e-04, -1.39540708e-03, -4.40857327e-04, -8.07164322e-04 ]
      - [-5.22576907e-04,  4.38243991e-04,  1.02655704e-03,  8.17342601e-04,  1.55461600e-03, -1.12933258e-04, -2.57848890e-05, -8.40034406e-04,  1.20616728e-03,  1.84372831e-03, -2.29942002e-03,  6.27682971e-03,  7.41742737e-03,  2.08236755e-03,  3.14651808e-03,  8.28174944e-04,  1.49691549e-03 ]
      - [-7.66334193e-04,  6.70516308e-04,  1.53002112e-03,  1.16928352e-03,  2.22889766e-03, -1.63843537e-04, -3.67278478e-05, -1.19985727e-03,  1.74208639e-03,  2.64856562e-03, -2.86028784e-03,  7.41742737e-03,  8.94468174e-03,  2.59103976e-03,  3.95623160e-03,  1.12210556e-03,  2.03947751e-03 ]
      - [-3.13364594e-04,  2.53950221e-04,  6.14779244e-04,  4.65540347e-04,  8.87226101e-04, -1.14461843e-04, -7.36754896e-05, -4.39693956e-04,  5.94693909e-04,  9.36823492e-04, -8.99000638e-04,  2.08236755e-03,  2.59103976e-03,  2.72878356e-03,  3.73164946e-03,  8.71245376e-04,  1.46421639e-03 ]
      - [-5.72441195e-04,  4.81309981e-04,  1.13458702e-03,  8.55243776e-04,  1.62942794e-03, -1.82891897e-04, -1.01577116e-04, -8.25967333e-04,  1.16618023e-03,  1.79766105e-03, -1.39540708e-03,  3.14651808e-03,  3.95623160e-03,  3.73164946e-03,  5.21736153e-03,  1.50517968e-03,  2.53460493e-03 ]
      - [-3.58642345e-04,  3.22926180e-04,  7.21620955e-04,  5.25675351e-04,  9.87948566e-04, -3.98074297e-05,  2.72485148e-05, -5.57218884e-04,  8.83247513e-04,  1.29373903e-03, -4.40857327e-04,  8.28174944e-04,  1.12210556e-03,  8.71245376e-04,  1.50517968e-03,  1.09280842e-02,  1.47580070e-02 ]
      - [-7.00537839e-04,  6.44861276e-04,  1.42336488e-03,  9.96548172e-04,  1.88614690e-03, -9.34698770e-05,  3.45474420e-05, -1.03802207e-03,  1.63122003e-03,  2.39446305e-03, -8.07164322e-04,  1.49691549e-03,  2.03947751e-03,  1.46421639e-03,  2.53460493e-03,  1.47580070e-02,  2.02023050e-02 ]

'B->K^*::FormFactors[parametric,BFW]@GRvDV:2023A:':
    type: MultivariateGaussian(Covariance)
    observables:
      [ 'B->K^*::a^A0_0@BFW2010', 'B->K^*::a^A0_1@BFW2010',  'B->K^*::a^A0_2@BFW2010',
                                  'B->K^*::a^A1_1@BFW2010',  'B->K^*::a^A1_2@BFW2010',
                                  'B->K^*::a^A12_1@BFW2010', 'B->K^*::a^A12_2@BFW2010',
        'B->K^*::a^V_0@BFW2010',  'B->K^*::a^V_1@BFW2010',   'B->K^*::a^V_2@BFW2010',
        'B->K^*::a^T1_0@BFW2010', 'B->K^*::a^T1_1@BFW2010',  'B->K^*::a^T1_2@BFW2010',
                                  'B->K^*::a^T2_1@BFW2010',  'B->K^*::a^T2_2@BFW2010',
                                  'B->K^*::a^T23_1@BFW2010', 'B->K^*::a^T23_2@BFW2010' ]
    kinematics:
      [ {}, {}, {}, {}, {}, {}, {}, {}, {}, {}, {}, {}, {}, {}, {}, {}, {} ]
    options:
      [ {'B_s->phi::tp_v@BFW2010': 30.261001, 'B_s->phi::tp_a@BFW2010': 31.764496},
        {'B_s->phi::tp_v@BFW2010': 30.261001, 'B_s->phi::tp_a@BFW2010': 31.764496},
        {'B_s->phi::tp_v@BFW2010': 30.261001, 'B_s->phi::tp_a@BFW2010': 31.764496},
        {'B_s->phi::tp_v@BFW2010': 30.261001, 'B_s->phi::tp_a@BFW2010': 31.764496},
        {'B_s->phi::tp_v@BFW2010': 30.261001, 'B_s->phi::tp_a@BFW2010': 31.764496},
        {'B_s->phi::tp_v@BFW2010': 30.261001, 'B_s->phi::tp_a@BFW2010': 31.764496},
        {'B_s->phi::tp_v@BFW2010': 30.261001, 'B_s->phi::tp_a@BFW2010': 31.764496},
        {'B_s->phi::tp_v@BFW2010': 30.261001, 'B_s->phi::tp_a@BFW2010': 31.764496},
        {'B_s->phi::tp_v@BFW2010': 30.261001, 'B_s->phi::tp_a@BFW2010': 31.764496},
        {'B_s->phi::tp_v@BFW2010': 30.261001, 'B_s->phi::tp_a@BFW2010': 31.764496},
        {'B_s->phi::tp_v@BFW2010': 30.261001, 'B_s->phi::tp_a@BFW2010': 31.764496},
        {'B_s->phi::tp_v@BFW2010': 30.261001, 'B_s->phi::tp_a@BFW2010': 31.764496},
        {'B_s->phi::tp_v@BFW2010': 30.261001, 'B_s->phi::tp_a@BFW2010': 31.764496},
        {'B_s->phi::tp_v@BFW2010': 30.261001, 'B_s->phi::tp_a@BFW2010': 31.764496},
        {'B_s->phi::tp_v@BFW2010': 30.261001, 'B_s->phi::tp_a@BFW2010': 31.764496},
        {'B_s->phi::tp_v@BFW2010': 30.261001, 'B_s->phi::tp_a@BFW2010': 31.764496},
        {'B_s->phi::tp_v@BFW2010': 30.261001, 'B_s->phi::tp_a@BFW2010': 31.764496} ]
    means:
      [ -0.10670307, -0.10017192,  0.3033284,
                     -0.03122374,  0.26546087,
                     -0.01424097,  0.08754633,
        -0.12898733, -0.02266174,  0.32026173,
        -0.13091622,  0.0049392,   0.2996527,
                     -0.01405868,  0.20400671,
                     -0.03294845,  0.24160414 ]
    covariance:
      - [ 4.74314418e-03, -6.01083286e-03, -1.35563173e-02, -7.76075962e-04, -2.17110176e-03, -2.18531028e-04, -8.33854917e-04,  7.30591924e-04, -8.39159060e-04, -1.81134723e-03,  5.15100529e-05, -1.08701248e-04, -1.38761042e-04, -5.43947435e-05, -8.91724060e-05, -1.21207069e-04,  2.39158403e-04 ]
      - [-6.01083286e-03,  9.42126419e-03,  1.84774488e-02,  8.80690254e-04,  2.05803072e-03,  5.88089332e-04,  1.30470784e-03, -5.42624909e-04,  7.02624802e-04,  1.36852897e-03, -6.99816818e-05,  1.58496346e-04,  1.97106463e-04,  7.82717066e-05,  1.17864253e-04,  2.20764585e-04,  4.05019553e-04 ]
      - [-1.35563173e-02,  1.84774488e-02,  3.97733745e-02,  2.10024378e-03,  5.69112900e-03,  8.59495102e-04,  2.57479846e-03, -1.82953823e-03,  2.10181172e-03,  4.55138268e-03, -1.07538634e-04,  2.52878049e-04,  3.05840503e-04,  1.17378321e-04,  1.69983582e-04,  3.53391138e-04,  6.72973977e-04 ]
      - [-7.76075962e-04,  8.80690254e-04,  2.10024378e-03,  2.17847243e-03,  4.39697093e-03,  1.06180410e-03,  1.88811822e-03, -7.14870785e-04,  9.36387355e-04,  1.76888600e-03, -1.88937765e-04,  3.11044441e-04,  4.73497907e-04,  1.54337428e-04,  3.24680758e-04,  1.25826218e-04,  2.51860136e-04 ]
      - [-2.17110176e-03,  2.05803072e-03,  5.69112900e-03,  4.39697093e-03,  9.68428819e-03,  1.91372398e-03,  3.72559508e-03, -2.09355057e-03,  2.55970121e-03,  5.15455108e-03, -4.10828632e-04,  6.71408731e-04,  1.02503986e-03,  3.33878877e-04,  7.05234714e-04,  2.59514536e-04,  5.23649468e-04 ]
      - [-2.18531028e-04,  5.88089332e-04,  8.59495102e-04,  1.06180410e-03,  1.91372398e-03,  1.67580210e-03,  2.64016266e-03,  2.08195058e-06,  1.85557051e-05,  8.41944338e-06,  5.82890384e-06, -9.39861684e-06, -1.50664951e-05, -6.35617571e-06, -1.03404888e-05,  4.00618857e-05,  8.19828434e-05 ]
      - [-8.33854917e-04,  1.30470784e-03,  2.57479846e-03,  1.88811822e-03,  3.72559508e-03,  2.64016266e-03,  4.31404460e-03, -2.28282943e-04,  2.65181974e-04,  5.80510870e-04,  7.43912813e-06, -1.26676750e-05, -2.06841083e-05, -6.46866121e-06, -9.47509194e-06,  7.06021965e-05,  1.48002965e-04 ]
      - [ 7.30591924e-04, -5.42624909e-04, -1.82953823e-03, -7.14870785e-04, -2.09355057e-03,  2.08195058e-06, -2.28282943e-04,  3.79959397e-03, -5.67307219e-03, -1.02021011e-02,  2.86947814e-04, -4.70887682e-04, -7.19350753e-04, -2.30678657e-04, -4.70843713e-04, -1.46482438e-04,  2.90894707e-04 ]
      - [-8.39159060e-04,  7.02624802e-04,  2.10181172e-03,  9.36387355e-04,  2.55970121e-03,  1.85557051e-05,  2.65181974e-04, -5.67307219e-03,  9.45442118e-03,  1.58456115e-02, -4.24595292e-04,  7.02838020e-04,  1.06666542e-03,  3.52235722e-04,  7.10157758e-04,  2.36176084e-04,  4.55788190e-04 ]
      - [-1.81134723e-03,  1.36852897e-03,  4.55138268e-03,  1.76888600e-03,  5.15455108e-03,  8.41944338e-06,  5.80510870e-04, -1.02021011e-02,  1.58456115e-02,  2.78235894e-02, -7.06408829e-04,  1.16103121e-03,  1.77284665e-03,  5.69565502e-04,  1.15643500e-03,  3.65094801e-04,  7.16068320e-04 ]
      - [ 5.15100529e-05, -6.99816818e-05, -1.07538634e-04, -1.88937765e-04, -4.10828632e-04,  5.82890384e-06,  7.43912813e-06,  2.86947814e-04, -4.24595292e-04, -7.06408829e-04,  9.45536830e-04, -1.37059297e-03, -2.52486464e-03, -4.40613300e-04, -1.10946640e-03, -2.96288948e-04,  9.60648623e-04 ]
      - [-1.08701248e-04,  1.58496346e-04,  2.52878049e-04,  3.11044441e-04,  6.71408731e-04, -9.39861684e-06, -1.26676750e-05, -4.70887682e-04,  7.02838020e-04,  1.16103121e-03, -1.37059297e-03,  2.30964791e-03,  3.85350998e-03,  6.96092457e-04,  1.58119491e-03,  3.85156449e-04,  1.11916768e-03 ]
      - [-1.38761042e-04,  1.97106463e-04,  3.05840503e-04,  4.73497907e-04,  1.02503986e-03, -1.50664951e-05, -2.06841083e-05, -7.19350753e-04,  1.06666542e-03,  1.77284665e-03, -2.52486464e-03,  3.85350998e-03,  6.87360770e-03,  1.17880527e-03,  2.89276764e-03,  7.49836312e-04,  2.38873568e-03 ]
      - [-5.43947435e-05,  7.82717066e-05,  1.17378321e-04,  1.54337428e-04,  3.33878877e-04, -6.35617571e-06, -6.46866121e-06, -2.30678657e-04,  3.52235722e-04,  5.69565502e-04, -4.40613300e-04,  6.96092457e-04,  1.17880527e-03,  7.71676327e-04,  1.51605238e-03,  3.25813974e-04,  8.73807923e-04 ]
      - [-8.91724060e-05,  1.17864253e-04,  1.69983582e-04,  3.24680758e-04,  7.05234714e-04, -1.03404888e-05, -9.47509194e-06, -4.70843713e-04,  7.10157758e-04,  1.15643500e-03, -1.10946640e-03,  1.58119491e-03,  2.89276764e-03,  1.51605238e-03,  3.27690748e-03,  8.57306428e-04,  2.49186609e-03 ]
      - [-1.21207069e-04,  2.20764585e-04,  3.53391138e-04,  1.25826218e-04,  2.59514536e-04,  4.00618857e-05,  7.06021965e-05, -1.46482438e-04,  2.36176084e-04,  3.65094801e-04, -2.96288948e-04,  3.85156449e-04,  7.49836312e-04,  3.25813974e-04,  8.57306428e-04,  2.39420128e-03,  4.48462593e-03 ]
      - [-2.39158403e-04,  4.05019553e-04,  6.72973977e-04,  2.51860136e-04,  5.23649468e-04,  8.19828434e-05,  1.48002965e-04, -2.90894707e-04,  4.55788190e-04,  7.16068320e-04, -9.60648623e-04,  1.11916768e-03,  2.38873568e-03,  8.73807923e-04,  2.49186609e-03,  4.48462593e-03,  9.11903742e-03 ]
