logz: 18.640365594584644 
logzerr: 0.030799419541926398