logz: 22.45523322152874 
logzerr: 0.025987928867660087