logz: 18.5189751010332 
logzerr: 0.0306212042257082