logz: 22.2455622250597 
logzerr: 0.026123870804198694